# Board size = 25x25
0.0015544891357421875
0.002094268798828125
0.0051784515380859375
0.0006022453308105469
0.0010330677032470703
0.0002899169921875
0.002207517623901367
0.0024068355560302734
0.0013136863708496094
0.002153158187866211
0.002039670944213867
0.0004374980926513672
0.0012426376342773438
0.00546574592590332
0.0018324851989746094
0.001958608627319336
0.0017895698547363281
0.0016527175903320312
0.0029001235961914062
0.0007226467132568359
0.0028574466705322266
0.0008127689361572266
0.0032711029052734375
0.0004570484161376953
0.0023603439331054688
0.003818035125732422
0.0009953975677490234
0.0027027130126953125
0.0003762245178222656
0.0011267662048339844
measuring done
mean is: 0.0019217729568481445

# Board size = 30x30
0.0006351470947265625
0.00185394287109375
0.009112358093261719
0.0011398792266845703
0.00897216796875
0.0011518001556396484
0.0005314350128173828
0.004701375961303711
0.00115966796875
0.0027430057525634766
0.000614166259765625
0.002206563949584961
0.0008518695831298828
0.0004611015319824219
0.0014226436614990234
0.0004487037658691406
0.0008933544158935547
0.002185344696044922
0.0016045570373535156
0.0009951591491699219
0.0011055469512939453
0.00212860107421875
0.0011935234069824219
0.0016388893127441406
9.608268737792969e-05
0.0009143352508544922
0.0023059844970703125
0.004041910171508789
0.0014128684997558594
0.0003199577331542969
measuring done
mean is: 0.0019613981246948244

# Board size = 35x35
0.0013916492462158203
0.002572298049926758
0.000255584716796875
0.0043218135833740234
0.0003161430358886719
0.003579378128051758
0.005715131759643555
0.0014467239379882812
0.0025010108947753906
0.0019199848175048828
0.000583648681640625
0.003437042236328125
0.0028324127197265625
0.001596689224243164
0.010655879974365234
0.0006177425384521484
0.00057220458984375
0.0006084442138671875
0.0008959770202636719
0.0003440380096435547
0.007419109344482422
0.0010972023010253906
0.004656553268432617
0.008402347564697266
0.002089977264404297
0.0020232200622558594
0.010782480239868164
0.000762939453125
0.00043702125549316406
0.003162860870361328
measuring done
mean is: 0.002899916966756185

# Board size = 40x40
0.004801034927368164
0.009766578674316406
0.0003643035888671875
0.0015184879302978516
0.00102996826171875
0.0016827583312988281
0.015143156051635742
0.0020546913146972656
0.0027310848236083984
0.006960153579711914
0.0018434524536132812
0.0035147666931152344
0.0032639503479003906
0.002248048782348633
0.005155086517333984
0.00046634674072265625
0.0006589889526367188
0.0013017654418945312
0.0026650428771972656
0.0016400814056396484
0.004425764083862305
0.0040934085845947266
0.0001537799835205078
0.0022897720336914062
0.00946950912475586
0.0030975341796875
0.002582073211669922
0.0007936954498291016
0.012586116790771484
0.00819849967956543
measuring done
mean is: 0.00388333002726237

# Board size = 45x45
0.0008635520935058594
0.004035234451293945
0.0011038780212402344
0.0010035037994384766
0.008181333541870117
0.003012418746948242
0.008147954940795898
0.0017764568328857422
0.00029730796813964844
0.0011587142944335938
0.00020647048950195312
0.0019485950469970703
0.019883155822753906
0.0008487701416015625
0.0009338855743408203
0.0026574134826660156
0.007033824920654297
0.0011813640594482422
0.0002779960632324219
0.0008971691131591797
0.0006103515625
0.002077341079711914
0.005553007125854492
0.0017309188842773438
0.0030574798583984375
0.0052797794342041016
0.0006971359252929688
0.0010726451873779297
0.0012314319610595703
0.005153656005859375
measuring done
mean is: 0.003063758214314779

# Board size = 50x50
0.0015332698822021484
0.00038170814514160156
0.009716510772705078
0.0014369487762451172
0.0013647079467773438
0.002099752426147461
0.006323337554931641
0.0006313323974609375
0.0036034584045410156
0.002808809280395508
0.0019969940185546875
0.006971597671508789
0.002173185348510742
0.0067653656005859375
0.0022771358489990234
0.004685878753662109
0.012865781784057617
0.0012867450714111328
0.0012087821960449219
0.0033941268920898438
0.0016639232635498047
0.0006177425384521484
0.0022284984588623047
0.0005841255187988281
0.009662389755249023
0.011277437210083008
0.0012176036834716797
0.010108709335327148
0.006307840347290039
0.002665281295776367
measuring done
mean is: 0.003995299339294434

# Board size = 55x55
0.0022945404052734375
0.0085296630859375
0.00024580955505371094
0.00043320655822753906
0.0006930828094482422
0.015241622924804688
0.0023009777069091797
0.0013387203216552734
0.0037882328033447266
0.0007927417755126953
0.0009548664093017578
0.0033566951751708984
0.0017032623291015625
0.006685495376586914
0.0027256011962890625
0.00018453598022460938
0.0037004947662353516
0.007819175720214844
0.0005960464477539062
0.0049664974212646484
0.002646207809448242
0.0006508827209472656
0.00080108642578125
0.0028367042541503906
0.002382040023803711
0.0014393329620361328
0.007312297821044922
0.0008840560913085938
0.0005962848663330078
0.00011444091796875
measuring done
mean is: 0.0029338200887044272

# Board size = 60x60
0.00247955322265625
0.0035407543182373047
0.0009386539459228516
0.0024068355560302734
0.0004863739013671875
0.00077056884765625
0.006279468536376953
0.005261421203613281
0.002985239028930664
0.0003037452697753906
0.0015304088592529297
0.0014393329620361328
0.003930568695068359
0.0036020278930664062
0.018103837966918945
0.0013966560363769531
0.0007319450378417969
0.00039577484130859375
0.002869129180908203
0.021226167678833008
0.0016307830810546875
0.0005800724029541016
0.004758358001708984
0.00047707557678222656
0.004497051239013672
0.0001957416534423828
0.0026116371154785156
0.000732421875
0.014631271362304688
0.0006644725799560547
measuring done
mean is: 0.0037152449289957683

# Board size = 65x65
0.0026667118072509766
0.0006823539733886719
0.053221940994262695
0.0017788410186767578
0.0065801143646240234
0.0013196468353271484
0.00858616828918457
0.00124359130859375
0.0008018016815185547
0.0009007453918457031
0.011773347854614258
0.0017821788787841797
0.002281665802001953
0.0037157535552978516
0.0012803077697753906
0.01178288459777832
0.0014185905456542969
0.004038572311401367
0.018575429916381836
0.0005817413330078125
0.002529144287109375
0.00023317337036132812
0.014657735824584961
0.0019807815551757812
0.0017361640930175781
0.0007240772247314453
0.004898786544799805
0.00042819976806640625
0.01709604263305664
0.001539468765258789
measuring done
mean is: 0.006027865409851074

# Board size = 70x70
0.00027751922607421875
0.002259969711303711
0.016477584838867188
0.003917694091796875
0.006908893585205078
0.006922006607055664
0.002807140350341797
0.00011539459228515625
0.006147861480712891
0.011829614639282227
0.0018856525421142578
0.004548549652099609
0.0013408660888671875
0.007955074310302734
0.00047588348388671875
0.0003871917724609375
0.0004374980926513672
0.0009837150573730469
0.00036716461181640625
0.028398990631103516
0.007116079330444336
0.011723518371582031
0.02463555335998535
0.006338357925415039
0.001756906509399414
0.0070459842681884766
0.0010809898376464844
0.0014696121215820312
0.0001933574676513672
0.0033597946166992188
measuring done
mean is: 0.005638813972473145

# Board size = 75x75
0.0013303756713867188
0.0020427703857421875
0.0005636215209960938
0.0008475780487060547
0.0009293556213378906
0.006489276885986328
0.004765987396240234
0.007416725158691406
0.008446693420410156
0.0005595684051513672
0.0018737316131591797
0.016103506088256836
0.01266789436340332
0.011403322219848633
0.004942893981933594
0.0019414424896240234
0.001580953598022461
0.002916574478149414
0.014623165130615234
0.0009868144989013672
0.0071713924407958984
0.0008356571197509766
0.006668806076049805
0.001094818115234375
0.004803895950317383
0.0005800724029541016
0.0016918182373046875
0.0004189014434814453
0.002514362335205078
0.007080078125
measuring done
mean is: 0.004509735107421875

# Obstacle complexity = amount of obstacles
# Obstacle complexity = 0
0.00019025802612304688
0.0007658004760742188
0.001592397689819336
0.0020630359649658203
0.0005173683166503906
0.003154277801513672
0.0008008480072021484
0.0003514289855957031
0.000274658203125
0.0020258426666259766
0.0026047229766845703
0.0018825531005859375
0.0009067058563232422
0.0023233890533447266
0.000186920166015625
0.006705284118652344
0.0008475780487060547
0.003115415573120117
0.0009052753448486328
0.0009224414825439453
0.0011074542999267578
0.0021126270294189453
0.00024175643920898438
0.0009210109710693359
0.0002720355987548828
0.00011110305786132812
0.0027463436126708984
0.0005285739898681641
0.0007376670837402344
0.0025949478149414062
measuring done
mean is: 0.001450324058532715

# Obstacle complexity = 5
0.0014150142669677734
0.0028905868530273438
0.0011250972747802734
0.0018868446350097656
0.004399776458740234
0.00079345703125
0.0005269050598144531
0.0009763240814208984
0.0001201629638671875
0.0008511543273925781
0.0003082752227783203
0.0008897781372070312
0.0011799335479736328
0.0020782947540283203
0.0007634162902832031
0.0008335113525390625
0.0011129379272460938
0.0004448890686035156
0.002463102340698242
0.0003783702850341797
0.0007090568542480469
0.0001285076141357422
0.0014476776123046875
0.00041413307189941406
0.0010614395141601562
0.0004017353057861328
0.0006923675537109375
0.003146648406982422
0.0005335807800292969
0.0004343986511230469
measuring done
mean is: 0.0011469125747680664

# Obstacle complexity = 10
0.004518747329711914
0.007517576217651367
0.0027785301208496094
0.0005838871002197266
0.0024318695068359375
0.004710674285888672
0.003229379653930664
0.0009760856628417969
0.002267599105834961
0.0001804828643798828
0.003518819808959961
0.0031919479370117188
0.0021703243255615234
0.002050161361694336
0.002830028533935547
8.535385131835938e-05
0.0010216236114501953
0.004761457443237305
0.0007393360137939453
0.0006034374237060547
0.0004589557647705078
0.0006339550018310547
0.003556966781616211
0.000789642333984375
0.001405954360961914
0.0017752647399902344
0.00020170211791992188
0.001184225082397461
0.00028896331787109375
0.0032835006713867188
measuring done
mean is: 0.0021248817443847655

# Obstacle complexity = 15
0.0008571147918701172
0.0025482177734375
0.0035538673400878906
0.003150463104248047
0.0052490234375
0.0009784698486328125
0.001458883285522461
0.0029311180114746094
0.0032994747161865234
0.0014157295227050781
0.0002472400665283203
0.0009336471557617188
0.0016238689422607422
0.0013575553894042969
0.0005092620849609375
0.00034809112548828125
0.0006511211395263672
0.0027763843536376953
0.0022428035736083984
0.0010273456573486328
0.002181529998779297
0.0008015632629394531
0.0012359619140625
0.0017402172088623047
0.0008254051208496094
0.00022864341735839844
0.0022804737091064453
0.0007762908935546875
0.001417398452758789
0.0010764598846435547
measuring done
mean is: 0.0016574541727701823

# Obstacle complexity = 20
0.0006546974182128906
0.00014662742614746094
0.0014622211456298828
0.00225067138671875
0.0009217262268066406
0.0010030269622802734
0.0013756752014160156
0.0001404285430908203
8.7738037109375e-05
0.0006597042083740234
0.002077341079711914
0.00029921531677246094
0.0007238388061523438
0.0009839534759521484
0.00015735626220703125
0.0007708072662353516
4.172325134277344e-05
0.0014543533325195312
0.00018405914306640625
0.00034499168395996094
0.001032114028930664
0.0023446083068847656
0.0009737014770507812
0.0008599758148193359
0.0010364055633544922
0.00013875961303710938
0.0027251243591308594
0.0005667209625244141
0.0005435943603515625
0.0022003650665283203
measuring done
mean is: 0.000938717524210612

# Obstacle complexity = 25
0.00046896934509277344
0.0013115406036376953
0.0017960071563720703
0.002801179885864258
0.0006010532379150391
0.0004584789276123047
0.001119375228881836
0.0002257823944091797
0.0007882118225097656
0.00037741661071777344
0.0010614395141601562
0.00012135505676269531
0.0008168220520019531
0.0007836818695068359
0.0006327629089355469
0.0009553432464599609
0.0011396408081054688
0.00011229515075683594
0.0006470680236816406
0.0008394718170166016
0.0008881092071533203
0.0003802776336669922
0.001554727554321289
0.0008265972137451172
0.0002281665802001953
0.0017979145050048828
0.00011491775512695312
0.00040602684020996094
0.0010251998901367188
0.0002796649932861328
measuring done
mean is: 0.0008186499277750651

# Obstacle complexity = 30
0.0017566680908203125
0.0008938312530517578
0.0008296966552734375
0.0004966259002685547
0.009746551513671875
0.0010170936584472656
0.00012373924255371094
0.0004611015319824219
0.0019450187683105469
0.00027561187744140625
0.0006995201110839844
0.0008234977722167969
0.0007803440093994141
0.0002002716064453125
0.0017251968383789062
0.0008080005645751953
0.005320310592651367
0.0027866363525390625
0.0027494430541992188
0.0002999305725097656
0.0007319450378417969
0.0006074905395507812
0.000823974609375
0.0013866424560546875
0.0001583099365234375
0.001210927963256836
0.0021276473999023438
0.0008938312530517578
0.0001494884490966797
0.0008618831634521484
measuring done
mean is: 0.0014230410257975261

# Obstacle complexity = 35
0.003826141357421875
0.0014030933380126953
0.0013468265533447266
0.011377096176147461
0.0019576549530029297
0.0011661052703857422
0.0027968883514404297
0.0014319419860839844
0.0007231235504150391
0.0003361701965332031
0.0010752677917480469
0.0003876686096191406
0.001028299331665039
0.001112222671508789
0.0016269683837890625
0.0002105236053466797
0.0035533905029296875
0.0013861656188964844
0.00032258033752441406
0.0011777877807617188
0.0022215843200683594
0.0014443397521972656
0.0007534027099609375
0.0007894039154052734
0.0005509853363037109
0.0005326271057128906
0.002216339111328125
0.000354766845703125
0.0013842582702636719
0.0017006397247314453
measuring done
mean is: 0.0016731421152750652

# Obstacle complexity = 40
0.004178285598754883
0.0003600120544433594
0.0021529197692871094
0.0006110668182373047
0.0030236244201660156
0.0029935836791992188
0.00011229515075683594
0.0006449222564697266
0.0006051063537597656
0.0006201267242431641
0.0008320808410644531
0.00017070770263671875
0.0002574920654296875
0.0002827644348144531
0.00020885467529296875
0.0009965896606445312
0.0002028942108154297
0.0007853507995605469
0.00046062469482421875
0.0009181499481201172
0.0006022453308105469
0.0005936622619628906
0.0013911724090576172
0.0016589164733886719
0.002988576889038086
0.0010330677032470703
6.103515625e-05
0.0013430118560791016
0.0017383098602294922
0.0005083084106445312
measuring done
mean is: 0.0010778586069742839

# Obstacle complexity = 45
0.004739999771118164
0.006920337677001953
0.001191854476928711
0.0020599365234375
0.00042438507080078125
0.0010440349578857422
0.00012755393981933594
7.390975952148438e-05
0.0008604526519775391
0.0003962516784667969
0.0005669593811035156
0.0015568733215332031
0.0017962455749511719
0.00015497207641601562
0.0007417201995849609
0.00020956993103027344
0.0001735687255859375
0.001984119415283203
0.00034117698669433594
0.0001919269561767578
0.0002906322479248047
0.0003845691680908203
0.00043773651123046875
0.00030493736267089844
0.001168966293334961
0.0011382102966308594
0.0025823116302490234
0.0019495487213134766
0.0005748271942138672
0.0003204345703125
measuring done
mean is: 0.0011569341023763022

# Obstacle complexity = 50
0.001260519027709961
0.0009312629699707031
0.0011432170867919922
0.001659393310546875
0.002669811248779297
0.0009837150573730469
0.00028252601623535156
0.00252532958984375
0.0015826225280761719
0.0008704662322998047
0.003165721893310547
0.0019571781158447266
0.0005159378051757812
0.00782632827758789
0.0041544437408447266
0.002043485641479492
0.0014731884002685547
0.0006799697875976562
0.0010495185852050781
0.0012631416320800781
0.0003154277801513672
0.0036733150482177734
0.0012431144714355469
0.0012769699096679688
0.0008473396301269531
0.0023920536041259766
0.0006132125854492188
0.0007047653198242188
0.005580902099609375
0.0008203983306884766
measuring done
mean is: 0.0018501758575439453

# Obstacle complexity = 55
0.0019185543060302734
0.0012674331665039062
0.00047135353088378906
0.0024199485778808594
0.0008707046508789062
0.0008590221405029297
0.002133607864379883
0.0017604827880859375
0.004880666732788086
0.0006248950958251953
0.00026917457580566406
0.002395153045654297
0.0004999637603759766
0.00020503997802734375
0.0012044906616210938
0.00035119056701660156
0.0004687309265136719
0.0006999969482421875
0.0010228157043457031
0.0005559921264648438
0.0027136802673339844
0.0005769729614257812
6.461143493652344e-05
0.0009284019470214844
0.0002505779266357422
0.0007333755493164062
0.0029850006103515625
0.000865936279296875
0.0005123615264892578
0.006952762603759766
measuring done
mean is: 0.0013820966084798177

# Obstacle complexity = 60
0.007360935211181641
0.0048675537109375
0.00787663459777832
0.0006825923919677734
0.002377033233642578
0.0016510486602783203
0.0009102821350097656
0.00015544891357421875
0.0004978179931640625
0.0024480819702148438
0.0011730194091796875
0.0012133121490478516
0.0004227161407470703
0.002979278564453125
0.0026535987854003906
0.001108407974243164
0.000385284423828125
0.0007631778717041016
0.0002758502960205078
0.0007119178771972656
0.00484919548034668
0.004202842712402344
0.0013346672058105469
0.003054380416870117
0.0005044937133789062
0.0015633106231689453
0.0004961490631103516
0.0019690990447998047
0.0009167194366455078
0.004075527191162109
measuring done
mean is: 0.0021160125732421877

# Obstacle complexity = 65
0.002568483352661133
0.0014562606811523438
0.0005764961242675781
0.0006778240203857422
0.005280494689941406
0.0028655529022216797
0.0003838539123535156
0.0009839534759521484
0.0005679130554199219
0.0012111663818359375
0.0016238689422607422
0.00019478797912597656
0.0014722347259521484
0.0008218288421630859
0.0020189285278320312
0.0002968311309814453
0.0027158260345458984
0.0006604194641113281
0.00037741661071777344
0.000911712646484375
0.0003840923309326172
0.0032300949096679688
0.0015935897827148438
0.0001342296600341797
0.0015342235565185547
0.00014734268188476562
0.0017521381378173828
0.0009891986846923828
0.0006701946258544922
0.001627206802368164
measuring done
mean is: 0.0013242721557617187

# Obstacle complexity = 70
0.0043506622314453125
0.0014209747314453125
0.0026450157165527344
0.0033681392669677734
0.0006542205810546875
0.0030679702758789062
0.0007991790771484375
0.0009679794311523438
0.0051877498626708984
0.0004851818084716797
0.0006289482116699219
0.00017976760864257812
0.00035858154296875
0.00037741661071777344
0.0013089179992675781
0.0001804828643798828
0.00017642974853515625
0.000438690185546875
0.001956939697265625
0.000568389892578125
0.0009210109710693359
0.0005347728729248047
0.0014548301696777344
0.004893064498901367
0.00013685226440429688
0.0027246475219726562
0.00041985511779785156
0.0063228607177734375
0.0035686492919921875
0.0013473033905029297
measuring done
mean is: 0.0017148494720458985

# Obstacle complexity = 75
0.004320383071899414
0.0003235340118408203
0.00042057037353515625
0.003265857696533203
0.001493692398071289
0.0013377666473388672
0.0002949237823486328
0.0001728534698486328
0.00025582313537597656
0.001268148422241211
0.00013303756713867188
0.0005524158477783203
0.0017271041870117188
0.00020503997802734375
0.0002777576446533203
0.003067493438720703
0.000682830810546875
0.0009636878967285156
0.0003552436828613281
0.000820159912109375
0.0001633167266845703
0.0007150173187255859
0.0002624988555908203
0.0024962425231933594
0.0006754398345947266
0.0011186599731445312
0.0006573200225830078
0.000171661376953125
0.0016663074493408203
0.0006597042083740234
measuring done
mean is: 0.0010174830754597981

# Obstacle complexity = 80
0.0003178119659423828
0.0007574558258056641
0.0018427371978759766
0.0023157596588134766
0.001844167709350586
0.0021288394927978516
0.0006117820739746094
0.0008234977722167969
7.510185241699219e-05
0.0011534690856933594
0.0005829334259033203
0.0008676052093505859
4.4345855712890625e-05
0.0005750656127929688
0.0003070831298828125
0.0003578662872314453
0.00025582313537597656
0.00037670135498046875
0.0005693435668945312
0.0011339187622070312
0.0006425380706787109
0.0007054805755615234
0.0008025169372558594
0.0006589889526367188
0.0006473064422607422
0.0004968643188476562
0.0001888275146484375
6.771087646484375e-05
0.0009295940399169922
0.0006320476531982422
measuring done
mean is: 0.0007571061452229818

# Obstacle complexity = 85
0.0015745162963867188
0.0007762908935546875
0.0026111602783203125
0.0012974739074707031
0.0021429061889648438
0.0015306472778320312
0.00016188621520996094
0.0007398128509521484
0.0003745555877685547
0.0006570816040039062
0.00025391578674316406
0.0010194778442382812
0.00024509429931640625
0.001110076904296875
0.0007424354553222656
0.0002391338348388672
0.0009322166442871094
0.0006470680236816406
0.00012350082397460938
0.0008037090301513672
0.0024261474609375
0.0017218589782714844
0.00031828880310058594
0.0020186901092529297
0.00018095970153808594
0.00025963783264160156
0.0014503002166748047
0.0005230903625488281
0.0010919570922851562
0.0016698837280273438
measuring done
mean is: 0.0009881258010864258

# Obstacle complexity = 90
0.0014989376068115234
0.0035605430603027344
0.0015425682067871094
0.003824472427368164
0.0013630390167236328
0.003495931625366211
0.0006535053253173828
8.58306884765625e-05
0.0011856555938720703
6.556510925292969e-05
0.0007765293121337891
0.0005211830139160156
0.00012350082397460938
0.0008597373962402344
0.0003077983856201172
0.0004267692565917969
0.0006701946258544922
0.0002465248107910156
0.0007886886596679688
8.082389831542969e-05
0.0013890266418457031
0.0007584095001220703
0.0002536773681640625
0.0006847381591796875
0.00019884109497070312
0.0002124309539794922
0.0004169940948486328
0.0005755424499511719
0.003124237060546875
0.0001480579376220703
measuring done
mean is: 0.0009946584701538085

# Obstacle complexity = 95
0.0012240409851074219
0.0002415180206298828
0.0021049976348876953
0.0009565353393554688
0.00022101402282714844
0.0007712841033935547
0.0007464885711669922
0.000499725341796875
0.0003650188446044922
0.0004477500915527344
0.0029108524322509766
0.0016644001007080078
0.00023174285888671875
0.00013875961303710938
0.0007913112640380859
0.0010638236999511719
0.001699209213256836
0.0007908344268798828
8.916854858398438e-05
0.0023839473724365234
0.0031976699829101562
0.0014913082122802734
0.00018668174743652344
0.0024874210357666016
0.0005767345428466797
0.0004963874816894531
0.00023818016052246094
0.0004999637603759766
0.0005962848663330078
6.151199340820312e-05
measuring done
mean is: 0.0009724855422973633

# Obstacle complexity = 100
0.0011072158813476562
0.000659942626953125
0.0002932548522949219
0.0011377334594726562
0.0013248920440673828
0.0007278919219970703
0.0007936954498291016
0.0002522468566894531
6.008148193359375e-05
0.0030701160430908203
0.000156402587890625
0.0007240772247314453
0.00028061866760253906
0.0011119842529296875
0.0004987716674804688
0.0032842159271240234
0.0006766319274902344
0.001495361328125
0.00032067298889160156
0.00037097930908203125
0.0008759498596191406
0.0007417201995849609
0.003138303756713867
0.00025200843811035156
0.001611948013305664
0.0010974407196044922
0.0004875659942626953
0.000324249267578125
0.0005583763122558594
0.005169391632080078
measuring done
mean is: 0.0010867913564046223

